 14.20235367352003 347.56404015158705
 11.218843712960481 185.45171132163176
 8.16912956567329 120.12970550323543
 18.546276273654108 143.34325300212606
 29.703804075698073 303.9475449620657
 18.322622878671645 214.16255911328483
 1.187105053421206 185.14228729387753
 39.229893069306435 375.9447423803412
 29.821934333010358 119.75238566686545
 22.37216566982988 59.934773889603775
 0.4094720244038239 174.2474835081825
 18.58473378209225 260.7909709072629
 9.777145258552533 101.66606754722314
 28.228306837211846 104.60173748462837
 20.059026857582694 241.92640378645595
 27.534066619559574 83.52442297585839
 7.103445648931093 150.96924055097065
 25.827090998953175 250.64834348525375
 34.73179673263367 211.87144468454207
 29.59238042597037 161.85174481586319
 27.39678730918642 220.92494795339613
 3.3594388238534005 186.9656623087928
 35.987535883501046 319.9061132063181
 18.768076520933977 195.47549308402216
 8.103193292851275 114.36583775976057
 8.939831422879035 250.28404195004845
 25.065954152081726 87.75136936512695
 14.416109663534279 109.7278336413076
 30.26855296365331 127.52626977191238
 23.435879458695325 236.08153848418783
 8.150553348446088 101.18522679523358
 13.212457578538457 314.2029756386638
 28.171966947607565 185.16619424450238
 4.130658607735864 356.764656465916
 19.601944465310602 358.1425571879967
 21.42228827397996 74.68529702365518
 18.76450977055469 195.03358976692007
 26.88968190795418 147.91805414760427
 17.582524680435892 305.30196497877074
 7.633708311993777 185.6699845875276
 11.835286842391515 362.7124592310342
 7.5043863054297635 208.42032553214747
 21.494385555537598 153.70657747639245
 14.128957834929517 140.77308878570602
 2.173338519334827 210.903160344987
 22.884010042448693 243.22252982942462
 25.652326746023782 191.96565485922608
 21.064932975423066 349.3278231567617
 20.220528485765744 303.18202261446686
 22.76772940854621 161.58651998243403
 19.613855719854527 366.5839032275846
 11.63491203227671 69.46407339292111
 18.417505639051896 278.28703395723267
 17.628937904630753 356.57982353342214
 11.5880443725704 343.9653124350547
 4.38335367286472 98.96787659675192
 21.030921573295476 300.9765823999263
 37.44353738475807 112.62397773940747
 14.345112754984232 110.6384443568533
 34.845649951413634 259.2178693047107
 15.517473025907233 135.50802484707611
 8.994118116198834 103.89322196408827
 4.048628532964668 210.25005366744614
 17.68470195683934 222.49544469561934
 12.066424708923178 156.78304378441078
 22.38190253777478 268.3604380796651
 10.432183306097643 119.87387514341427
 8.496201028501837 282.9656108592326
 10.669236280107938 219.2065750822589
 9.418328316002299 113.28710555994155
 31.742426209015584 76.18145285827725
 8.454482310478515 260.62539112580265
 19.291473108865674 128.30631022946272
 9.568143243844325 196.9543162252526
 14.870334250608717 201.02194586809617
 34.970830453472935 139.51656387164823
 17.068899179394755 159.15948240283188
 19.1158919029462 327.4315549708815
 6.092584466712317 190.95770752346928
 5.536112728621857 292.4997459693499
 23.449603907393698 200.67395981913552
 28.227662610842817 375.1802266194631
 19.84491404700674 188.30257971226672
 22.91961265679497 344.88659271066336
 6.204057189440933 255.77047423888828
 22.57997502104758 216.28880286709784
 3.949332468642865 168.20972822597986
 31.89593867259198 248.2270624914174
 8.224954445133925 345.5127689052923
 20.22768181489365 373.1363660628242
 29.717070456225237 130.35590467467847
 24.67188584401474 318.54854367340425
 15.038733007100022 154.2327150698348
 21.38275695542261 155.2815735478441
 24.34913412200228 345.7690617262893
 19.185122335798408 357.3437896773554
 26.950635775067646 276.6971165678504
 43.77584885957424 333.37378129618753
 21.05634299641982 206.34611098269858
 6.44657819034453 335.6044977199712
 27.745189631030286 131.3631465423637
 17.272474386239466 254.8832947038568
 20.320721643991728 355.6077390925223
 17.098408859298083 347.1974168993944
 15.8639839194235 187.7692944768865
 16.41572111858271 75.44754561783873
 1.7201311742362257 301.23721669936776
 22.3594109106997 111.87986351040571
 27.982615148242864 189.10869834508588
 25.567344418020028 335.6301746278974
 26.737998570714225 258.94993924667006
 7.5297642819061625 110.25152258820877
 23.90868097984884 353.0316707475979
 23.319123897038583 234.88975289248407
 13.98003744948728 200.24071246902383
 33.226974479896796 152.93938450481852
 13.722686538142742 246.72441230813524
 20.84636027481441 213.55516946033327
 36.219820405205716 124.5555730000994
 22.524891632356283 125.31272467418401
 23.083756084637706 219.31069214189873
 19.87538486240595 211.60442506460635
 4.695085082250355 323.43505187387746
 13.167680536209588 290.02498636593145
 6.622004000400542 220.62340596699596
 18.93696070432959 343.04382035318935
 30.076650073380886 221.175736169343
 5.030618457987867 317.6794635079873
 31.33945946749288 109.39285202158106
 35.577441513818485 275.6842907078775
 15.531809819304089 303.55704775124264
 23.999590809387584 205.915560776522
 31.941403704270655 295.8987091181654
 9.199577412348852 205.11194043610405
 27.304088336905263 151.1800205962993
 24.44116458164552 168.2126954915384
 7.020009528810434 331.13242512253777
 30.2048248190501 297.6494234347599
 17.231228251124982 314.9651007106739
 21.43511606959121 363.7085180337073
 31.012143743949263 201.51702477565888
 2.109054715989151 69.10524322632952
 29.623279908051792 117.35569424871363
 21.94127891091962 174.32844154002564
 4.8532192869860395 172.2311636102012
 31.303517081980356 116.10776028286182
 4.922681796362557 145.7743827855907
 17.07259746520746 94.52332970231198
 24.248965833169628 273.1842915937765
 26.132947227249375 168.8207582557589
 4.43180845874860374 325.87877945820424
 30.646255283506164 245.9122149618837
 25.486994620150877 194.68982701126984
 15.962686275728773 154.83752019461585
 2.4845525885028197 64.16377281853792
 30.18475490135001 135.12688921890714
 6.7100328880463245 272.88318857210487
 13.906688563303598 248.05019261234665
 7.619768806860266 59.45703600135621
 31.53882272932578 282.15532652155866
 23.57270653351129 339.9315929603795
 17.888294308260598 185.29144435918383
 12.95185797024254 275.8548185065072
 13.304016317123699 172.48071503343687
 8.2037381768316 194.08246804887176
 13.705638981154921 219.54512887238747
 9.386966927783739 254.64471267825832
 23.202908808297522 377.31305103884074
 5.6045570342781721 168.59735546724318
 15.77357907145252 227.5229858215158
 22.97071599598214 170.7624188874558
 1.3952803339853475 227.2101147526639
 23.942393934199345 176.6181862730512
 19.214004635080734 325.40411977335646
 28.83465374180591 336.32928420037786
 20.354279749057692 151.38471587446833
 3.0511313426066007 207.01285482490388
 16.966415191001424 264.5342851908491
 15.29969073412232 370.8175111351449
 6.082188642487467 166.99514264737093
 18.742792436510893 134.24681590900227
 3.5906357584385304 122.88164609969817
 14.558392985263605 138.39000574971044
 12.168055451472704 120.71557942672615
 16.170537093635343 331.32777550472565
 23.433545579560807 342.04610455705824
 13.358008577479268 206.96155379109706
 8.52868647612607 324.8834868689419
 21.773641773236815 341.8701980053299
 36.83169557419357 249.61893107604152
 32.10609791428672 251.52838132169407
 14.403099501957655 311.5206851584944
 7.190139174235448 215.32658628553136
 14.02168990258092 252.68958326923138
 33.82065107524816 188.31289807581592
 20.306242279888696 223.52519473318316
 15.849877953662475 72.43240271836879
 22.43020604364443 333.29668502858897
 5.346560180988079 302.2704452690498
 22.323282264449634 132.33050116494408
